mhjd	mag_A	magerr_A	mag_B	magerr_B	mag_C	magerr_C	mag_D	magerr_D
====	=====	========	=====	========	=====	========	=====	========
54084.32728	-12.38174	0.00996	-11.91726	0.01325	-11.03698	0.02781	-09.99242	0.07587
54086.34063	-12.40171	0.00986	-11.95766	0.01331	-11.01374	0.02836	-09.98626	0.08086
54089.33271	-12.41375	0.00836	-11.95223	0.01091	-11.02738	0.02155	-10.00377	0.05057
54091.31970	-12.42546	0.00904	-11.99019	0.01231	-10.95446	0.02484	-09.98952	0.06301
54097.31514	-12.41547	0.00860	-11.97291	0.01151	-10.97308	0.02276	-09.99790	0.04916
54103.30143	-12.36211	0.01467	-11.98960	0.02070	-10.97885	0.04728	-09.99411	0.10822
54105.29990	-12.34915	0.01442	-12.01105	0.02070	-10.97765	0.04670	-09.98492	0.10390
54111.30867	-12.36540	0.01421	-11.92843	0.02092	-11.02228	0.04869	-09.98645	0.09126
54118.27898	-12.38142	0.00922	-11.92618	0.01264	-10.98249	0.02777	-10.02353	0.04981
54122.19874	-12.43085	0.00838	-11.93464	0.01134	-10.96235	0.02270	-10.03599	0.04029
54125.28344	-12.44885	0.00831	-11.90048	0.01160	-10.89186	0.02338	-10.06055	0.04317
54131.20693	-12.47406	0.01283	-12.02197	0.01966	-10.96561	0.04561	-10.01074	0.09223
54135.18774	-12.40337	0.01915	-12.03111	0.02938	-11.08733	0.06797	-10.03089	0.14001
54140.17054	-12.30753	0.01183	-11.93705	0.01652	-10.95221	0.03657	-09.95920	0.06352
54145.28324	-12.25155	0.00874	-11.92542	0.01153	-10.98864	0.02198	-09.89306	0.03394
54150.17411	-12.21902	0.00864	-11.86512	0.01115	-11.04244	0.02204	-09.88483	0.03006
54155.27366	-12.21116	0.00900	-11.85551	0.01168	-10.89631	0.02290	-09.90124	0.03454
54161.10581	-12.15088	0.02308	-11.84891	0.03241	-10.88567	0.07864	-09.95146	0.15328
54169.12178	-12.14038	0.01151	-11.83797	0.01561	-10.85305	0.03206	-09.93146	0.05630
54174.10607	-12.10604	0.01031	-11.81231	0.01359	-10.75964	0.02709	-09.85296	0.04830
54179.06917	-12.12139	0.01112	-11.75743	0.01500	-10.72877	0.03103	-09.83795	0.05656
54183.12104	-12.12593	0.00976	-11.79804	0.01236	-10.79443	0.02404	-09.81983	0.03878
54197.04422	-12.20554	0.01218	-11.85900	0.01623	-10.72463	0.03598	-10.01525	0.07028
54200.17186	-12.21033	0.01050	-11.82031	0.01398	-10.69023	0.03003	-09.97798	0.05929
54203.13172	-12.22532	0.00966	-11.84501	0.01278	-10.73138	0.02620	-09.93284	0.04994
54204.13361	-12.23616	0.00961	-11.83764	0.01239	-10.77052	0.02539	-09.95812	0.04980
54207.19723	-12.24517	0.01045	-11.84499	0.01378	-10.76661	0.03097	-09.94243	0.06200
54213.00653	-12.19544	0.01131	-11.85366	0.01478	-10.72798	0.03273	-09.88105	0.06338
54216.00781	-12.24397	0.01478	-11.84564	0.02000	-10.79465	0.04339	-09.81934	0.08968
54223.19575	-12.28053	0.02273	-11.80814	0.03318	-10.82151	0.08012	-09.72728	0.15621
54229.14133	-12.26792	0.01135	-11.83485	0.01579	-10.85360	0.03715	-09.86934	0.07290
54231.00689	-12.29410	0.00951	-11.85572	0.01283	-10.92707	0.02524	-09.70951	0.04956
54234.08356	-12.31411	0.01090	-11.88271	0.01461	-10.87402	0.03141	-09.76416	0.07405
54235.06955	-12.31515	0.00914	-11.85241	0.01197	-10.81080	0.02432	-09.78853	0.04668
54237.09956	-12.32608	0.01114	-11.90056	0.01470	-10.71649	0.03256	-09.81054	0.07135
54447.33178	-12.35211	0.01025	-11.73936	0.01569	-10.78543	0.03065	-10.13362	0.04988
54456.31622	-12.32788	0.01467	-11.63557	0.02437	-10.84474	0.05327	-10.15165	0.07774
54462.29965	-12.27434	0.01499	-11.62890	0.02511	-10.74959	0.05367	-10.10934	0.07157
54476.26111	-12.12144	0.01024	-11.55841	0.01561	-10.76993	0.03019	-10.07199	0.03416
54485.27822	-12.11669	0.01445	-11.51940	0.02518	-10.65063	0.05039	-10.04146	0.06280
54492.27599	-12.12025	0.01898	-11.61037	0.03457	-10.54140	0.06683	-10.08741	0.08574
54497.25373	-12.09495	0.01148	-11.47272	0.01716	-10.47464	0.03608	-10.06985	0.04222
54501.22336	-12.06089	0.01052	-11.46634	0.01670	-10.54730	0.03292	-10.05041	0.03716
54504.20529	-12.01729	0.01377	-11.43947	0.02308	-10.49567	0.04653	-10.01898	0.06055
54508.19640	-12.04651	0.01019	-11.48098	0.01561	-10.46237	0.03136	-10.00588	0.03464
54510.26386	-12.07478	0.01000	-11.45599	0.01499	-10.41879	0.02999	-10.02633	0.03405
54512.21421	-12.09616	0.01353	-11.44205	0.02235	-10.40625	0.04473	-10.01594	0.05817
54514.39757	-12.08669	0.01974	-11.46467	0.03364	-10.44765	0.08077	-10.04046	0.10864
54516.17087	-12.14025	0.01803	-11.48080	0.03108	-10.53750	0.07019	-09.99148	0.09673
54521.25266	-12.20341	0.01211	-11.53845	0.02029	-10.46307	0.04472	-09.97744	0.06160
54524.22613	-12.24228	0.01054	-11.58691	0.01676	-10.39665	0.03571	-09.95454	0.04777
54528.12277	-12.27647	0.00950	-11.58426	0.01451	-10.49688	0.02903	-10.00977	0.03833
54532.19017	-12.33153	0.00967	-11.64959	0.01463	-10.49848	0.03057	-09.94649	0.04672
54536.25418	-12.38599	0.00869	-11.71787	0.01316	-10.53165	0.02735	-09.92610	0.03973
54539.17306	-12.41376	0.00863	-11.66713	0.01365	-10.69438	0.02544	-09.97245	0.04005
54541.07706	-12.43855	0.01043	-11.76049	0.01759	-10.72238	0.03483	-09.92481	0.05840
54543.21337	-12.45512	0.01240	-11.83780	0.02170	-10.64395	0.04947	-09.88681	0.08704
54545.24874	-12.48302	0.01359	-11.84960	0.02333	-10.70088	0.05883	-09.90435	0.09686
54548.13710	-12.51857	0.01625	-11.84450	0.02806	-10.71989	0.06913	-09.90621	0.11981
54549.15938	-12.53576	0.01512	-11.88386	0.02587	-10.73064	0.05988	-09.92713	0.12340
54550.21729	-12.54358	0.01133	-11.88088	0.01866	-10.70557	0.04595	-09.88231	0.07498
54551.18959	-12.56681	0.00926	-11.88067	0.01466	-10.67580	0.03334	-09.90290	0.05530
54552.13439	-12.57045	0.00868	-11.92520	0.01370	-10.65992	0.02902	-09.93074	0.05350
54557.06407	-12.58649	0.00837	-11.95341	0.01262	-10.88927	0.02985	-09.91022	0.05269
54582.18897	-12.66213	0.00836	-12.04632	0.01282	-11.03917	0.02876	-09.89745	0.06877
54587.98210	-12.65637	0.00862	-12.09466	0.01290	-11.07871	0.02757	-09.94763	0.07097
54590.99941	-12.61721	0.00811	-12.04537	0.01223	-11.02105	0.02459	-09.99773	0.05977
54595.01232	-12.60052	0.00814	-12.05647	0.01210	-11.10365	0.02467	-10.22459	0.05977
54596.15809	-12.59411	0.00773	-11.99852	0.01117	-11.09424	0.02369	-09.99846	0.05515
54597.09059	-12.58438	0.00814	-11.99649	0.01238	-11.08832	0.02605	-10.12333	0.06270
54598.15346	-12.59286	0.00867	-12.02523	0.01337	-11.11012	0.02886	-10.04556	0.07246
54598.98608	-12.60512	0.01067	-12.01725	0.01649	-11.09459	0.03671	-10.04903	0.09009
54606.13792	-12.54456	0.01168	-11.96217	0.01936	-11.03213	0.04694	-10.15128	0.10172
54606.97610	-12.53706	0.01090	-11.96020	0.01773	-11.07637	0.03771	-10.18966	0.08702
54608.06067	-12.51031	0.00948	-11.93799	0.01519	-11.09977	0.03467	-10.16944	0.06695
54617.98807	-12.53130	0.01033	-11.99402	0.01631	-10.96171	0.03528	-10.30739	0.06486
54622.98967	-12.49697	0.00902	-11.92044	0.01410	-10.88630	0.02858	-10.29171	0.05003
54632.96190	-12.49892	0.01324	-11.92285	0.02232	-10.81210	0.05102	-10.43863	0.07840
54639.01726	-12.55974	0.00966	-11.94213	0.01517	-10.86597	0.03435	-10.39780	0.04514
54642.00300	-12.56512	0.01013	-11.93820	0.01541	-10.88175	0.03881	-10.40636	0.04963
54643.96976	-12.59939	0.00962	-11.92460	0.01542	-10.98621	0.03464	-10.38469	0.04506
54647.97298	-12.62483	0.01455	-11.97505	0.02571	-10.85086	0.06171	-10.45563	0.07860
54653.01841	-12.60936	0.00864	-11.98046	0.01337	-10.84969	0.03032	-10.30709	0.03527
54658.01400	-12.56245	0.01342	-11.95727	0.02255	-10.88253	0.05483	-10.44756	0.06913
54661.98977	-12.51185	0.01026	-11.92015	0.01708	-10.86407	0.03984	-10.44044	0.03994
54813.35420	-13.03211	0.01042	-12.14541	0.02132	-11.10643	0.05603	-10.72439	0.11696
54817.34453	-12.97177	0.00877	-12.15094	0.01656	-11.08830	0.04376	-10.74079	0.08820
54823.29837	-12.92061	0.00646	-12.09893	0.01132	-11.24294	0.02296	-10.79889	0.04255
54828.31656	-12.95482	0.00636	-12.04438	0.01045	-11.07527	0.02228	-10.80598	0.03844
54830.35272	-12.99582	0.00733	-12.02543	0.01317	-11.10884	0.02943	-10.80113	0.05509
54833.34028	-12.97217	0.00610	-12.04939	0.00976	-11.10510	0.01959	-10.77882	0.03216
54837.34065	-13.03448	0.00622	-12.08671	0.01025	-11.08154	0.02177	-10.75206	0.03741
54841.25296	-13.08427	0.00850	-12.11932	0.01654	-11.03080	0.04176	-10.73746	0.07154
54853.24006	-12.97034	0.00688	-12.06460	0.01139	-11.09488	0.02443	-10.72449	0.03903
54867.25706	-12.97452	0.00618	-12.10466	0.01031	-11.08044	0.02177	-10.79133	0.03277
54869.21662	-12.95081	0.00770	-12.10491	0.01450	-11.06874	0.03495	-10.80540	0.05528
54871.28294	-12.96195	0.00988	-12.13633	0.01995	-11.06485	0.05264	-10.82245	0.08592
54876.33822	-12.97748	0.00845	-12.11373	0.01614	-11.07536	0.04171	-10.82495	0.06660
54877.22162	-12.94662	0.00785	-12.13175	0.01410	-11.02121	0.03577	-10.80784	0.05711
54878.25318	-12.98360	0.00619	-12.13514	0.01029	-11.01032	0.02149	-10.81055	0.03286
54883.13079	-13.04753	0.00604	-12.11910	0.00966	-11.01485	0.02105	-10.75117	0.03385
54888.15853	-13.03779	0.00595	-12.19083	0.01010	-11.07408	0.02060	-10.71722	0.03194
54899.18044	-13.08788	0.00828	-12.21689	0.01693	-11.09342	0.03924	-10.72183	0.07087
54900.15423	-13.07519	0.01194	-12.21213	0.02313	-11.04410	0.06679	-10.73058	0.10881
54903.19516	-13.08544	0.01030	-12.19239	0.02107	-11.05879	0.05295	-10.76210	0.09131
54904.14648	-13.08608	0.00826	-12.20675	0.01720	-11.07677	0.03886	-10.75729	0.07024
54905.16718	-13.08960	0.00695	-12.20556	0.01285	-11.05908	0.03015	-10.75805	0.05416
54906.16951	-13.09398	0.00748	-12.19663	0.01425	-11.04936	0.03533	-10.83803	0.06336
54907.17708	-13.09624	0.00643	-12.18577	0.01141	-11.08027	0.02458	-10.79353	0.04730
54908.15560	-13.09752	0.00633	-12.20602	0.01059	-11.04676	0.02370	-10.83270	0.04213
54910.16571	-13.08886	0.00619	-12.21717	0.01110	-11.10928	0.02347	-10.72821	0.04403
54914.20051	-13.08871	0.00591	-12.20861	0.01002	-11.13973	0.02031	-10.73267	0.03739
54919.12985	-13.08476	0.00613	-12.15736	0.00998	-11.19885	0.02093	-10.71047	0.03787
54924.13994	-13.03344	0.00684	-12.23992	0.01129	-11.19365	0.02668	-10.71637	0.04494
54926.07451	-13.02339	0.00821	-12.22551	0.01512	-11.21851	0.03747	-10.71471	0.06414
54932.15999	-13.07281	0.00899	-12.17138	0.01805	-11.10326	0.04509	-10.69376	0.07092
54934.12532	-13.10735	0.00700	-12.15779	0.01282	-10.99740	0.03135	-10.73923	0.04895
54940.08743	-13.14752	0.00580	-12.28687	0.01055	-10.98240	0.02189	-10.70147	0.03772
54945.07509	-13.22269	0.00567	-12.19846	0.01003	-11.03085	0.02304	-10.76786	0.03990
54950.17638	-13.26508	0.00564	-12.29927	0.01136	-10.93243	0.02450	-10.79840	0.04296
54954.99412	-13.29632	0.00679	-12.24417	0.01423	-11.08268	0.04322	-10.80226	0.06819
54960.99061	-13.29855	0.00711	-12.34733	0.01606	-11.14880	0.04760	-10.85583	0.07707
54965.98509	-13.26725	0.00564	-12.30680	0.01066	-11.15601	0.02328	-10.85720	0.04127
54972.02523	-13.19214	0.00568	-12.29575	0.01061	-11.21472	0.02183	-10.85406	0.03428
54978.00158	-13.18585	0.00568	-12.23211	0.01047	-11.28589	0.02193	-10.88123	0.03392
54984.00258	-13.22527	0.01120	-12.19509	0.03058	-11.19665	0.06956	-10.82344	0.12806
54991.97393	-13.27528	0.00567	-12.35437	0.01150	-11.31392	0.02496	-10.87549	0.03985
54997.96471	-13.29818	0.00593	-12.24174	0.01137	-10.98592	0.03250	-10.83993	0.04577
55011.96192	-13.25388	0.00879	-12.17946	0.01890	-11.19141	0.05960	-10.96681	0.08103
55018.96869	-13.25788	0.00717	-12.18214	0.01651	-11.26925	0.04090	-11.03923	0.06283
55020.97843	-13.23266	0.00649	-12.21998	0.01368	-11.11071	0.03492	-11.06094	0.05029
55031.96393	-13.17904	0.00941	-12.10769	0.02087	-11.11980	0.05488	-11.09188	0.08060
55036.95972	-13.26063	0.01039	-12.08153	0.02588	-11.11132	0.07017	-11.03047	0.09267
55167.34496	-13.27837	0.00924	-12.06418	0.02201	-11.09359	0.04934	-10.98702	0.06459
55172.34888	-13.34465	0.00852	-12.04621	0.02189	-11.25756	0.04606	-10.91361	0.06322
55176.34783	-13.31826	0.00575	-12.04351	0.01298	-11.05805	0.02795	-10.88970	0.03454
55183.32292	-13.41165	0.00517	-12.12779	0.01071	-11.07497	0.01974	-10.83542	0.02859
55187.35264	-13.44613	0.00685	-12.18921	0.01715	-11.02905	0.03939	-10.79023	0.06103
55191.33007	-13.47627	0.00496	-12.25114	0.01042	-11.12132	0.01934	-10.75654	0.03118
55195.27534	-13.51031	0.00644	-12.31645	0.01664	-11.08959	0.03530	-10.72964	0.06147
55203.33915	-13.45902	0.00586	-12.32226	0.01351	-11.27319	0.03059	-10.76120	0.05520
55207.31049	-13.36696	0.00515	-12.30277	0.00982	-11.24202	0.01878	-10.80808	0.03272
55211.25642	-13.30422	0.00531	-12.20676	0.01004	-11.31088	0.01904	-10.86161	0.03586
55215.25190	-13.23650	0.00540	-12.22350	0.01001	-11.38592	0.01853	-10.87743	0.03345
55219.26207	-13.17109	0.00563	-12.11745	0.01035	-11.40665	0.02136	-10.85224	0.03705
55231.30763	-13.14001	0.00741	-12.17353	0.01623	-11.28071	0.03454	-10.70870	0.06199
55235.24052	-13.14499	0.00614	-12.15344	0.01151	-11.23582	0.02349	-10.70054	0.03522
55239.19003	-13.11288	0.00633	-12.15777	0.01134	-11.20170	0.02318	-10.74481	0.03430
55243.26747	-13.03417	0.00584	-12.12303	0.01024	-11.20774	0.01953	-10.74626	0.02929
55244.25723	-13.07588	0.00577	-12.12983	0.01006	-11.21602	0.01915	-10.76198	0.02832
55246.20328	-13.04968	0.00598	-12.13024	0.01084	-11.17367	0.02164	-10.78061	0.03310
55247.23164	-13.01805	0.00609	-12.12037	0.01109	-11.15863	0.02308	-10.79935	0.03540
55248.17500	-13.04279	0.00609	-12.11822	0.01117	-11.16906	0.02198	-10.80119	0.03587
55249.25556	-13.04727	0.00598	-12.11248	0.01078	-11.17864	0.02087	-10.81980	0.03361
55250.21101	-13.00664	0.00604	-12.09086	0.01068	-11.17626	0.02256	-10.82476	0.03353
55251.19317	-12.97216	0.00664	-12.09015	0.01240	-11.15621	0.02643	-10.87777	0.04274
55252.27459	-12.96636	0.00761	-12.08161	0.01496	-11.17662	0.03413	-10.83614	0.05777
55253.24785	-12.96974	0.00810	-12.04036	0.01618	-11.14824	0.03846	-10.83617	0.06051
55254.13982	-12.96948	0.00966	-12.04785	0.02077	-11.18659	0.04667	-10.87283	0.07694
55255.17759	-12.91771	0.01245	-12.04718	0.02746	-11.23043	0.06538	-10.82428	0.10660
55259.18410	-12.88140	0.00896	-12.06516	0.01789	-11.13685	0.04085	-10.91240	0.06335
55263.24311	-12.83749	0.00691	-12.02510	0.01250	-11.15883	0.02447	-10.91659	0.03940
55267.10583	-12.83383	0.00690	-12.06062	0.01271	-11.15134	0.02508	-10.87470	0.03802
55271.19899	-12.80933	0.00672	-11.96672	0.01175	-11.12170	0.02243	-10.85440	0.03185
55272.18421	-12.80321	0.00652	-11.94149	0.01123	-11.11089	0.02151	-10.88619	0.02877
55274.19791	-12.79342	0.00672	-11.96243	0.01204	-11.14464	0.02289	-10.85038	0.03101
55275.14155	-12.80522	0.00742	-11.98272	0.01353	-11.11710	0.02767	-10.81491	0.03819
55276.15083	-12.80397	0.00670	-12.02163	0.01134	-11.10766	0.02199	-10.82397	0.02811
55278.16187	-12.78395	0.00721	-11.95969	0.01282	-11.09369	0.02497	-10.78877	0.03359
55279.16393	-12.77507	0.00817	-11.96803	0.01594	-11.10778	0.03404	-10.82436	0.04424
55280.13151	-12.76076	0.00856	-11.97290	0.01661	-11.08145	0.03474	-10.75366	0.04663
55281.09327	-12.78028	0.00886	-11.98749	0.01752	-11.06015	0.03571	-10.77081	0.04776
55282.11010	-12.79105	0.00953	-11.93334	0.01971	-11.06136	0.04013	-10.75068	0.05228
55291.14184	-12.76628	0.00688	-11.84976	0.01216	-10.97770	0.02346	-10.66957	0.02805
55295.13594	-12.78591	0.00719	-11.91244	0.01243	-10.99648	0.02430	-10.63964	0.02948
55299.12367	-12.70950	0.00754	-11.86954	0.01320	-10.99272	0.02482	-10.63410	0.03290
55304.09454	-12.67546	0.00822	-11.87050	0.01391	-11.00874	0.03076	-10.61667	0.03825
55308.11035	-12.61501	0.00855	-11.82001	0.01549	-10.96000	0.03168	-10.62174	0.04499
55314.07622	-12.56761	0.01839	-11.74644	0.03573	-10.96255	0.08541	-10.60014	0.12009
55317.18198	-12.53687	0.01335	-11.75128	0.02693	-10.92651	0.06328	-10.55320	0.08254
55321.09059	-12.48122	0.00904	-11.67554	0.01544	-10.95900	0.03139	-10.59845	0.04499
55324.04611	-12.49746	0.01024	-11.72876	0.01803	-10.71471	0.03664	-10.51147	0.05447
55341.01169	-12.55276	0.01510	-11.63887	0.02953	-10.65043	0.05800	-10.41171	0.09120
55341.96571	-12.61627	0.01644	-11.70900	0.03248	-10.63277	0.06532	-10.39910	0.09809
55347.02560	-12.50135	0.01157	-11.68893	0.02195	-10.71008	0.05030	-10.38984	0.07437
55348.04061	-12.50460	0.00895	-11.62727	0.01538	-10.70621	0.03284	-10.37609	0.04988
55364.01347	-12.55034	0.00932	-11.78828	0.01727	-10.70178	0.03777	-10.32800	0.06533
55372.96206	-12.51324	0.01498	-11.70053	0.03112	-10.83455	0.07007	-10.27425	0.13484
55378.01064	-12.54775	0.00928	-11.74052	0.01604	-10.90597	0.03708	-10.24303	0.06353
55384.98159	-12.60092	0.00973	-11.71500	0.01829	-10.75897	0.04081	-10.16720	0.07886
55388.99518	-12.62454	0.00871	-11.73737	0.01579	-10.79143	0.03468	-10.16016	0.07346
55399.96595	-12.71869	0.01477	-11.88818	0.03011	-10.67867	0.08059	-10.05742	0.18601
